/*--------------------------------*- C++ -*----------------------------------*\
  =========                 |
  \\      /  F ield         | OpenFOAM: The Open Source CFD Toolbox
   \\    /   O peration     | Website:  https://openfoam.org
    \\  /    A nd           | Version:  7
     \\/     M anipulation  |
\*---------------------------------------------------------------------------*/
FoamFile
{
    version     2.0;
    format      ascii;
    class       regIOobject;
    location    "constant/polyMesh";
    object      cellZones;
}
// * * * * * * * * * * * * * * * * * * * * * * * * * * * * * * * * * * * * * //

1
(
rotatingZone
{
    type cellZone;
cellLabels      List<label> 
1148
(
1018
1281
1282
1283
1534
2593
2599
2642
2645
2648
2649
2655
2656
2662
2694
2701
2705
2708
2711
2757
3064
3066
3068
3073
3115
3131
3138
3559
3566
3573
3580
3646
3651
3658
3660
3662
3665
3723
3728
3735
3736
3738
3742
3743
3745
3749
3810
3817
4118
4122
4124
4126
4129
4131
4133
4138
4157
4186
4193
4220
4227
4229
4231
4234
4235
4237
4246
4248
4249
4251
4255
4264
4272
4276
4277
4279
4283
4285
4287
4290
4291
4293
4300
4318
4355
4356
4361
4363
4416
4430
4458
4465
4514
4523
4526
4529
4532
4535
4542
4557
4559
4564
4566
4571
4573
4578
4580
4591
4885
4955
4956
4959
4976
4983
4985
4987
5046
5060
5061
5064
5081
5082
5085
5095
5116
5123
5124
5127
5144
5145
5149
5172
5173
5176
5186
5193
5214
5216
5219
5235
5257
5258
5262
5264
5268
5269
5270
5275
5277
5281
5286
5287
5291
5294
5299
5301
5333
5336
5342
5343
5347
5350
5356
5357
5396
5400
5404
5406
5409
5411
5415
5416
5417
5422
5439
5440
5444
5445
5450
5452
5456
5460
5462
5466
5470
5475
5476
5495
5496
5500
5501
5506
5507
5508
5513
5514
5515
5520
5537
5538
5557
5561
5565
5567
5599
5600
5603
5606
5607
5610
5684
5705
5747
5761
5810
5816
5818
5821
5823
5825
5828
5838
5852
5865
5866
5869
5872
5873
5876
5879
5880
5883
5886
5887
5890
5908
8662
8666
8667
9111
9114
9116
9118
9120
9122
9125
9127
9130
9493
9495
9497
12227
12228
12230
12234
12235
12238
12365
12366
12370
12371
12375
12377
12378
12382
12384
12386
12387
12389
12393
12394
12396
12399
12403
12404
12407
12408
12411
12512
12514
12517
12519
12521
12523
12525
12529
12531
12533
12536
12538
12539
12543
12545
12675
12677
12680
13480
13482
13484
13487
13488
13491
13495
13496
13497
13900
13902
13905
13907
13908
13912
13915
13916
13918
13921
13922
13925
13928
13929
13932
13936
13937
13938
13942
13943
13946
13949
13950
13953
13957
13958
13959
14004
14006
14010
14012
14013
14015
14019
14022
14023
14026
14028
14031
14032
14033
14038
14040
14043
14045
14047
14048
14051
14054
14056
14058
14089
14090
14092
14096
14098
14100
14145
14146
14149
14151
14153
14157
14159
14160
14164
14166
14169
14171
14172
14173
14178
14180
14181
14185
14187
14190
14192
14193
14194
14199
14201
14202
14204
14208
14211
14212
14215
14216
14218
14222
14223
14226
14229
14230
14234
14235
14236
14241
14243
14246
14248
14250
14252
14255
14256
14257
14262
14264
14267
14269
14271
14272
14276
14277
14278
14283
14285
14288
14290
14306
14308
14310
14383
14384
14387
14391
14392
14394
14397
14398
14401
14405
14406
14408
14502
14503
14507
14509
14511
14514
14523
14524
14528
14530
14532
14535
14579
14580
14584
14586
14588
14590
14594
14595
14597
14600
14601
14604
14608
14609
14611
14614
14615
14619
14621
14622
14626
14628
14629
14632
14636
14637
14639
14642
14643
14646
14650
14651
14653
14656
14657
14660
14664
14665
14667
14670
14671
14674
14678
14679
14681
14684
14686
14689
14970
14974
14976
14977
14981
14983
14985
14986
14990
14991
14995
14997
14998
15002
15003
15006
15007
15010
15054
15058
15060
15061
15065
15067
15069
15070
15074
15075
15079
15081
15082
15086
15087
15090
15091
15094
15096
15100
15102
15103
15107
15108
15111
15112
15115
15117
15121
15123
15124
15128
15129
15132
15133
15136
15138
15142
15144
15145
15149
15150
15153
15154
15157
15159
15163
15165
15166
15170
15171
15174
15175
15178
17611
17615
17616
17829
17832
17834
17836
17838
17841
19822
19826
19828
19829
19833
19835
19837
19838
19842
19844
19845
19848
19850
19854
19855
19858
19860
19863
19864
19868
19870
19872
19875
19877
19878
19882
19884
19908
19909
19912
19964
19965
19966
19971
19972
19975
19978
19979
19982
19984
19985
19988
19992
19993
19996
19998
20000
20003
20006
20007
20010
20040
20041
20045
20048
20049
20052
20054
20055
20059
20062
20063
20066
20068
20069
20072
20076
20077
20080
20082
20083
20087
20090
20091
20094
20096
20098
20101
20104
20105
20108
20110
20111
20115
20118
20119
20122
29043
29046
29049
29051
29052
29054
29057
29061
29062
30534
30537
30540
30542
30544
30546
30548
30552
30553
30556
30559
30561
30562
30566
30568
30570
30571
30575
39660
39663
39666
39668
39670
39672
39674
39678
39679
39681
39684
39687
39689
39691
39693
39695
39699
39700
39702
39706
39708
39709
39713
39715
39717
39718
39722
39723
39727
39728
39730
39734
39736
39738
39739
39743
39744
39747
39750
39752
39753
39755
39758
39762
39763
39766
39769
39771
39772
39776
39778
39780
39781
39785
39786
39789
39792
39794
39796
39798
39800
39804
39805
39807
39810
39813
39815
39817
39819
39821
39825
39826
39828
39831
39834
39836
39838
39840
39842
39846
39847
39912
39916
39918
39919
39923
39925
39927
39928
39932
40081
40084
40085
40087
40091
40092
40095
40096
40100
40101
40105
40107
40108
40112
40114
40116
40117
40121
40122
40126
40128
40129
40133
40135
40137
40138
40142
40144
40145
40148
40151
40152
40156
40159
40160
40163
40165
40168
40170
40172
40173
40177
40178
40182
40184
40186
40188
40191
40193
40195
40198
40201
40202
40205
40207
40210
40212
40214
40216
40219
40220
40224
40226
40312
40314
40317
40319
40321
40324
40327
40328
40331
40333
40336
40338
40340
40342
40345
40346
40350
40352
40354
40356
40359
40361
40363
40366
40369
40370
40373
40375
40378
40380
40382
40384
40387
40388
40392
40394
40396
40397
40400
40403
40404
40407
40411
40412
40414
40417
40420
40422
40424
40425
40428
40430
40434
40435
40438
40440
40443
40445
40447
40450
40453
40454
40457
40459
40462
40464
40466
40468
40471
40472
40476
40478
40480
40482
40485
40487
40489
40492
40495
40496
40499
40501
40504
40506
40508
40510
40513
40514
40518
40520
40522
40524
40527
40529
40531
40534
40537
40538
40541
40543
40546
40548
40550
40552
40555
40556
40560
40562
41005
41007
41010
41019
41020
41024
41026
41027
41030
41033
41035
41038
41061
41064
41066
41067
41071
41073
41075
41076
41080
41102
41106
41108
41109
41113
41115
41117
41118
41122
41123
41127
41128
41130
41134
41136
41138
41139
41143
41145
41148
41150
41151
41155
41157
41159
41160
41164
41229
41231
41233
41236
41238
41240
41244
41245
41246
41271
41273
41275
41278
41280
41282
41286
41287
41288
41292
41293
41295
41299
41301
41303
41307
41308
41309
41313
41315
41317
41320
41322
41324
41328
41329
41330
41396
41400
41402
41404
41406
41409
41411
41413
41416
41417
41421
41423
41425
41427
41430
41432
41434
41437
41438
41442
41444
41445
41449
41451
41453
41454
41458
41522
41526
41528
41530
41532
41535
41537
41539
41542
41543
41547
41549
41551
41553
41556
41558
41560
41563
41564
41568
41570
41571
41575
41577
41579
41580
41584
41585
41589
41590
41593
41594
41597
41600
41602
41604
41606
41610
41611
41614
41616
41619
41621
41623
41625
41627
41631
41632
41634
41638
41639
41642
41643
41645
41648
41652
41654
41656
41658
41661
41663
41665
41668
41669
41673
41675
41677
41679
41682
41684
41686
41689
41690
41694
41696
41697
41701
41703
41705
41706
41710
)
;
}
)

// ************************************************************************* //
