/*--------------------------------*- C++ -*----------------------------------*\
  =========                 |
  \\      /  F ield         | OpenFOAM: The Open Source CFD Toolbox
   \\    /   O peration     | Website:  https://openfoam.org
    \\  /    A nd           | Version:  7
     \\/     M anipulation  |
\*---------------------------------------------------------------------------*/
FoamFile
{
    version     2.0;
    format      ascii;
    class       regIOobject;
    location    "constant/polyMesh";
    object      faceZones;
}
// * * * * * * * * * * * * * * * * * * * * * * * * * * * * * * * * * * * * * //

1
(
rotatingZone
{
    type faceZone;
faceLabels      List<label> 
2448
(
6681
6684
8372
8373
8378
8380
8384
8386
10027
10030
16647
16686
16732
16761
16919
16926
16959
17005
17008
17021
17023
17033
17035
17039
17042
17067
17071
17100
17273
17275
17315
17317
17333
17335
17348
17349
17360
17362
17536
17610
19143
19145
19155
19158
19167
19168
19195
19199
19200
19404
19407
19505
19507
19508
19554
19558
21039
21086
21148
21183
21185
21186
21234
21276
21313
21314
21462
21468
21484
21550
21604
21606
21607
21640
21643
21686
21695
21703
21719
21909
21912
21939
21941
21942
21987
21990
21992
21995
22002
22003
22024
22027
22030
22033
22042
22043
22063
22065
22066
22226
22305
22341
22343
22344
23269
23270
23290
23292
23299
23304
23309
23311
23326
23329
23336
23339
23346
23348
23364
23374
23378
23384
23497
23500
23511
23524
23605
23670
23706
23713
23724
23744
23750
23767
23849
23860
23869
23879
23897
23901
23905
23918
23937
23939
23945
23949
23954
23956
23969
23972
23973
23977
23982
23984
24041
24051
24056
24063
24083
24087
24090
24107
24123
24132
24136
24142
24189
24190
24211
24215
24216
24219
24225
24227
24245
24248
24254
24257
24263
24265
24277
24281
24282
24285
24290
24292
24339
24340
24460
24463
24472
24490
24652
24653
24662
24666
24667
24669
24690
24691
24694
24698
24705
24707
25020
25023
25039
25108
25111
25133
25149
25293
25297
25311
25330
25350
25426
25447
25477
25496
25556
25662
25665
25679
25696
25698
25707
25720
25728
25730
25735
25746
25763
25780
25793
25796
25812
25879
25880
25883
25887
25893
25895
25914
25915
25918
25922
25928
25930
25950
25951
25954
25958
25965
25967
25988
25989
25992
25996
26003
26005
26069
26072
26097
27804
27805
27806
27807
27812
28182
28187
28190
28193
28194
28195
28196
28205
28206
28307
28308
28309
28311
28319
28332
28337
28339
28348
28349
28350
28351
28355
28356
28575
28581
28591
28628
28650
28651
28652
28654
28657
28718
28723
28725
28729
28730
28731
28739
28740
28827
28832
28837
28838
28839
28848
28898
28899
28900
28950
28958
28963
28972
28973
28974
28976
28979
28997
29002
29005
29008
29009
29010
29018
29019
29113
29117
29121
29123
29133
29264
29269
29272
29275
29276
29277
29278
29287
29288
29341
29342
29343
29345
29368
29369
29370
29372
29479
29483
29485
29492
29494
29495
29501
29502
29595
29596
29597
29599
29629
29630
29659
29660
29685
29686
29688
29689
29690
29692
29698
29701
29707
29710
29728
29733
29735
29737
29740
29742
29766
29769
29771
29776
29779
29781
29795
29800
29810
29815
29818
29820
29826
29833
29836
29837
29849
29856
29867
29870
29871
29876
29942
29953
29964
29974
29989
29992
29996
30003
30006
30023
30033
30038
30040
30042
30049
30056
30058
30073
30083
30087
30184
30188
30193
30205
30231
30238
30243
30247
30248
30263
30267
30278
30281
30282
30287
30294
30296
30303
30305
30325
30328
30330
30332
30335
30337
30361
30364
30382
30383
30409
30410
30428
30429
30431
30432
30440
30444
30470
30472
30477
30479
30485
30493
30498
30509
30512
30513
30518
30525
30530
30533
30534
30547
30551
30561
30566
30569
30571
30590
30591
30620
30621
30646
30647
30649
30650
30651
30653
30660
30662
30665
30667
30691
30694
30696
30698
30701
30703
30727
30730
30732
30734
30737
30739
30763
30766
30780
30781
30810
30811
30836
30837
30839
30840
30841
30843
30954
30959
30962
30967
30976
30980
30991
30994
30995
31000
31167
31173
31174
31176
31177
31180
31189
31194
31200
31201
31203
31204
31207
31216
31228
31601
31602
31604
31611
31622
31676
31677
31679
31688
31717
31802
31803
31805
31812
31848
31849
31856
31866
31889
31895
31899
31910
31917
31922
31996
31997
31999
32006
32012
32016
32022
32033
32037
32043
32087
32088
32089
32098
32136
32137
32139
32146
32157
32177
32183
32185
32186
32189
32197
32201
32207
32209
32210
32213
32221
32225
32231
32232
32234
32235
32238
32247
32252
32258
32259
32261
32262
32265
32274
32336
32337
32339
32346
46275
46277
46293
46298
46299
46302
48671
48673
48685
48688
48696
48699
48706
48707
48717
48719
48726
48727
48737
48740
48743
48749
48751
48759
50579
50583
50585
50594
50595
50600
62645
62652
62656
62666
62672
62675
62679
62685
62688
62703
62708
62709
62995
63006
63016
63025
63056
63062
63079
63084
63087
63101
63104
63106
63109
63112
63123
63125
63127
63142
63145
63152
63155
63157
63159
63174
63177
63184
63187
63194
63196
63199
63201
63209
63210
63228
63231
63237
63249
63269
63272
63281
63286
63289
63538
63541
63543
63548
63550
63557
63563
63564
63571
63573
63579
63580
63587
63589
63606
63609
63617
63620
63626
63628
63639
63642
63649
63652
63654
63656
63671
63674
63681
63684
63942
63948
63951
64079
64082
64090
66165
66170
66171
66176
66179
66184
66188
66193
66194
66195
66198
66207
66221
66223
66226
66228
66230
66231
67300
67306
67311
67319
67325
67330
67351
67356
67376
67422
67425
67431
67442
67445
67447
67471
67476
67483
67492
67497
67498
67499
67502
67511
67515
67520
67521
67522
67525
67534
67548
67550
67553
67555
67557
67558
67572
67577
67578
67579
67582
67591
67595
67600
67601
67602
67605
67614
67628
67630
67633
67635
67637
67638
67868
67870
67875
67877
67885
67889
67897
67901
67903
67907
67915
67916
67935
67936
67947
67951
67952
67954
67967
67969
67978
67981
67995
67996
67999
68002
68003
68006
68016
68022
68028
68029
68040
68043
68050
68052
68055
68058
68060
68063
68065
68073
68077
68080
68082
68090
68092
68095
68128
68137
68140
68168
68172
68178
68181
68186
68189
68201
68204
68213
68305
68311
68320
68331
68337
68362
68383
68399
68410
68415
68418
68420
68423
68425
68433
68436
68439
68443
68446
68453
68459
68465
68467
68470
68473
68491
68492
68500
68501
68512
68515
68522
68524
68526
68529
68530
68533
68543
68549
68555
68557
68560
68563
68581
68582
68590
68591
68602
68605
68612
68614
68616
68619
68631
68645
68650
68658
68677
68691
68693
68700
68705
68706
68709
68711
68717
68723
68726
68728
68731
68733
68741
68750
68752
68755
68758
68778
68779
68782
68785
68786
68789
68799
68805
68811
68812
68823
68826
68833
68835
68842
68844
68852
68855
68868
68869
68872
68875
68876
68879
68889
68895
68901
68902
68913
68916
68923
68925
68932
68934
68937
68940
68958
68959
68962
68965
68966
68969
68979
68985
68991
68992
69003
69006
69013
69015
69066
69069
69071
69079
69081
69084
69390
69394
69397
69399
69401
69411
69416
69423
69425
69427
69428
69431
69435
69439
69442
69444
69446
69456
69461
69468
69470
69472
69473
69476
69861
69863
69866
69867
69869
69877
69880
69882
69884
69890
69892
69896
69902
69906
69911
69914
69916
69918
69920
69922
69930
69933
69935
69942
69953
69962
69968
69977
69980
69983
69990
69999
70005
70014
70017
70020
70027
70036
70042
70068
70070
70073
70074
70076
70084
70086
70090
70099
70109
70116
70119
70125
70129
70133
70148
70155
70158
70165
70167
70170
70181
70183
70186
70187
70189
70197
70199
70203
70206
70208
70210
70220
70225
70232
70234
70236
70237
70240
70244
70248
70251
70253
70255
70265
70270
70277
70279
70281
70282
70285
70289
70293
70296
70298
70300
70310
70315
70322
70324
70326
70327
70330
70334
70338
70341
70343
70345
70355
70360
70367
70369
70371
70372
70375
70380
70382
70384
70390
70392
70396
71381
71383
71391
71394
71397
71403
71404
71406
71414
71417
71420
71426
71429
71431
71433
71435
71437
71448
71449
71451
71459
71462
71466
71471
71472
71474
71481
71486
71489
71491
71496
71499
71502
71504
71506
71514
71578
71589
71594
71597
71608
71613
71619
71623
71631
71632
71634
71642
71645
71649
71654
71655
71657
71665
71668
71672
71677
71680
71682
71685
71686
71689
71699
71700
71702
71710
71713
71717
71722
71723
71725
71732
71737
71740
71742
71747
71750
71753
71755
71757
71765
71768
71777
71780
71788
71796
71801
71809
71812
71816
71827
71829
71837
71840
71844
71849
71850
71852
71859
71864
71867
71869
71874
71877
71880
71882
71884
71892
71895
71897
71905
71908
71912
71917
71918
71920
71927
71932
71935
71937
71942
71945
71948
71950
71952
71960
71963
71965
71973
71976
71980
71985
71986
71988
71995
72000
72003
72005
72010
72013
72016
72018
72020
72028
81833
81835
81844
81850
81851
81854
82575
82577
82583
82587
82590
82595
82605
82608
82617
82620
82634
82637
91236
91257
91263
91291
91304
91307
91312
91314
91323
91327
91329
91333
91336
91338
91347
91351
91353
91357
91367
91370
91373
91376
91396
91399
91411
91414
91427
91435
91445
91451
91465
91468
91474
91477
91489
91492
91495
91497
91507
91511
91514
91519
91525
91527
91533
91537
91539
91543
91546
91548
91557
91561
91563
91567
91653
91662
91665
91667
91670
91678
91848
91853
91856
91863
91875
91879
91892
91901
91904
91906
91909
91917
91922
91931
91934
91936
91939
91947
91951
91957
91958
91961
91963
91974
91982
91990
91992
91994
91996
92004
92009
92013
92016
92023
92025
92034
92039
92047
92049
92051
92053
92061
92122
92127
92136
92151
92155
92161
92166
92170
92172
92174
92176
92188
92193
92201
92203
92205
92207
92215
92220
92224
92226
92228
92230
92242
92247
92255
92257
92259
92261
92269
92273
92279
92282
92301
92309
92312
92325
92329
92332
92334
92336
92350
92355
92363
92365
92367
92369
92377
92382
92386
92388
92394
92396
92404
92409
92417
92419
92421
92423
92431
92436
92440
92442
92444
92446
92458
92463
92471
92473
92475
92477
92485
114475
114477
114483
114486
114490
114494
114495
114501
114502
114505
114507
114515
114521
114523
114530
114534
114535
114537
117925
117927
117933
117936
117940
117944
117946
117950
117953
117960
117962
117967
117971
117973
117980
117984
117985
117987
117996
117998
118011
118013
118021
118023
118026
118028
118046
118048
118056
118058
118064
118066
118068
118070
118084
118087
140284
140305
140311
140325
140354
140360
140383
140387
140411
140417
140423
140430
140437
140442
140449
140455
140464
140466
140468
140470
140476
140479
140483
140487
140489
140493
140495
140501
140503
140507
140511
140513
140520
140524
140525
140527
140530
140532
140538
140541
140545
140549
140551
140555
140557
140563
140565
140569
140573
140575
140582
140586
140587
140589
140593
140595
140613
140615
140623
140625
140628
140630
140648
140650
140658
140660
140666
140668
140670
140672
140686
140689
140692
140710
140713
140721
140738
140746
140753
140756
140772
140773
140780
140786
140790
140796
140799
140813
140821
140825
140834
140836
140848
140850
140857
140859
140862
140864
140880
140882
140889
140891
140897
140899
140901
140903
140917
140920
140921
140923
140929
140932
140936
140940
140942
140946
140949
140956
140958
140963
140967
140969
140976
140980
140981
140983
140986
140988
140994
140997
141001
141005
141007
141011
141013
141019
141021
141025
141029
141031
141038
141042
141043
141045
141048
141050
141056
141059
141063
141067
141069
141073
141075
141081
141083
141087
141091
141093
141100
141104
141105
141107
141317
141320
141329
141332
141335
141339
141340
141343
141352
141355
141358
141362
141366
141368
141369
141371
141376
141378
141793
141801
141804
141812
141820
141823
141829
141832
141836
141841
141847
141852
141857
141867
141872
141880
141882
141888
141890
141893
141902
141905
141908
141912
141913
141916
141925
141928
141931
141935
141939
141941
141942
141944
141949
141951
141952
141955
141964
141967
141970
141974
141975
141978
141987
141990
141993
141997
142001
142003
142004
142006
142011
142013
142015
142020
142021
142023
142026
142034
142039
142042
142044
142046
142050
142062
142069
142071
142073
142074
142077
142081
142085
142088
142093
142096
142098
142101
142104
142107
142109
142111
142114
142124
142125
142127
142134
142136
142138
142140
142143
142146
142149
142154
142157
142163
142166
142169
142171
142178
142182
142189
142196
142198
142200
142201
142204
142208
142212
142215
142220
142223
142225
142228
142231
142234
142236
142242
142245
142251
142252
142254
142261
142263
142265
142267
142383
142388
142394
142402
142412
142417
142426
142430
142432
142438
142446
142448
142455
142463
142467
142470
142478
142479
142482
142485
142487
142491
142494
142499
142502
142505
142507
142514
142518
142525
142532
142534
142536
142537
142540
142544
142548
142551
142556
142559
142561
142564
142567
142570
142572
142578
142581
142587
142588
142590
142597
142599
142601
142603
142606
142609
142611
142615
142618
142623
142626
142629
142631
142638
142642
142649
142656
142658
142660
142661
142664
142668
142672
142675
142680
142683
142685
142688
142691
142694
142696
142702
142705
142711
142712
142714
142721
142723
142725
142727
142729
142734
142736
142749
142753
142757
142776
142779
142782
142790
142797
142800
142805
142809
142813
142824
142831
142835
142839
142842
142845
142850
142853
142859
142862
142865
142867
142874
142878
142885
142892
142894
142896
142897
142900
142904
142908
142911
142916
142919
142921
142924
142927
142930
142932
142938
142941
142947
142948
142950
142957
142959
142961
142963
142966
142969
142971
142975
142978
142983
142986
142989
142991
142998
143002
143009
143016
143018
143020
143021
143024
143028
143032
143035
143040
143043
143045
143048
143051
143054
143056
143062
143065
143071
143072
143074
143081
143083
143085
143087
143090
143093
143095
143099
143102
143107
143110
143113
143115
143122
143126
143133
143140
143142
143144
143145
143148
143152
143156
143159
143164
143167
143169
143172
143175
143178
143180
143186
143189
143195
143196
143198
143205
143207
143209
143211
144333
144337
144340
144347
144350
144358
144368
144377
144380
144389
144393
144396
144398
144401
144414
144418
144424
144426
144440
144444
144446
144451
144453
144459
144535
144537
144543
144547
144550
144555
144558
144560
144570
144574
144577
144582
144588
144590
144592
144594
144602
144606
144614
144624
144627
144634
144647
144650
144659
144663
144672
144675
144677
144687
144691
144694
144699
144702
144704
144714
144718
144721
144726
144732
144734
144736
144738
144746
144750
144753
144762
144768
144774
144784
144788
144798
144801
144810
144819
144821
144827
144831
144833
144837
144840
144842
144851
144855
144857
144861
144867
144869
144871
144873
144881
144885
145084
145088
145091
145098
145100
145105
145110
145114
145117
145124
145126
145131
145135
145145
145146
145149
145150
145152
145163
145168
145175
145185
145190
145197
145210
145214
145216
145220
145224
145227
145234
145236
145241
145246
145250
145253
145260
145262
145267
145271
145281
145282
145285
145286
145288
145293
145299
145301
145314
145318
145325
145333
145343
145346
145353
145357
145359
145365
145367
145371
145376
145380
145382
145388
145390
145394
145398
145408
145409
145412
145413
145415
145603
145605
145613
145616
145620
145625
145628
145631
145634
145639
145642
145648
145651
145653
145656
145661
145663
145667
145668
145670
145678
145681
145685
145690
145693
145696
145699
145704
145707
145713
145716
145718
145721
145726
145728
145732
145733
145735
145742
145745
145748
145752
145753
145755
145762
145765
145768
145772
145775
145777
145779
145780
145782
145788
145791
145803
145807
145814
145819
145825
145833
145839
145841
145844
145856
145860
145867
145872
145878
145886
145892
145894
145897
145907
145910
145913
145923
145926
145932
145935
145938
145939
145941
145949
145952
145956
145961
145964
145967
145970
145975
145978
145984
145987
145989
145992
145997
145999
146003
146004
146006
146014
146017
146021
146026
146029
146032
146035
146040
146043
146049
146052
146054
146057
146062
146064
146068
146069
146071
146078
146081
146084
146088
146089
146091
146098
146101
146104
146108
146111
146113
146115
146116
146118
146124
146125
146133
146138
146146
146151
146152
146163
146167
146173
146178
146186
146191
146200
146203
146208
146216
146220
146226
146231
146238
146243
146248
146255
146260
146265
146270
146272
146278
146280
146288
146291
146295
146300
146303
146306
146308
146312
146315
146320
146323
146325
146328
146333
146335
146339
146340
146342
146350
146353
146357
146362
146365
146368
146370
146374
146377
146382
146385
146387
146390
146395
146397
146401
146402
146404
146411
146414
146417
146421
146422
146424
146431
146434
146437
146441
146444
146446
146448
146449
146451
146457
)
;
flipMap         List<bool> 
2448
(
0
0
0
0
0
0
0
0
0
0
1
1
0
0
1
1
1
0
0
0
0
0
0
0
0
0
0
0
0
0
0
0
0
0
0
0
0
0
1
0
0
0
0
0
0
0
0
0
0
0
0
0
0
0
0
0
1
1
1
0
0
0
0
0
0
0
1
1
1
1
0
0
0
0
0
0
0
0
0
0
0
0
0
0
0
0
0
0
0
0
0
0
0
0
0
0
0
0
0
1
0
0
0
0
0
0
0
0
0
0
0
0
0
0
0
0
0
0
1
0
0
1
0
0
1
1
1
1
1
0
1
1
0
1
1
1
1
1
0
0
1
1
0
0
0
0
0
0
0
0
0
0
0
0
0
0
0
0
0
0
1
1
1
0
0
1
0
0
0
0
0
0
0
0
0
0
0
0
0
0
0
0
0
0
0
0
0
0
0
0
1
1
1
1
0
0
0
0
1
1
0
0
0
0
0
0
1
0
0
1
1
0
0
1
0
1
1
1
1
1
1
0
0
1
1
1
0
0
1
1
0
0
0
1
0
0
1
1
1
0
0
0
0
1
1
0
0
0
0
1
1
0
0
0
0
1
1
0
0
0
0
0
0
1
0
0
0
0
1
1
0
0
0
0
0
0
0
0
0
0
0
0
1
1
0
0
0
0
0
0
0
0
1
1
1
1
0
0
0
0
1
1
0
0
0
0
0
0
0
1
0
0
0
0
0
0
0
0
1
1
1
0
0
0
0
1
1
0
0
0
0
0
0
0
1
0
0
0
0
1
0
0
0
0
0
0
0
0
0
0
0
0
0
0
0
0
1
0
0
0
0
0
0
0
0
0
0
0
1
1
1
1
0
0
0
0
0
0
0
0
0
0
0
0
0
0
0
0
0
0
1
0
0
1
0
1
1
0
0
0
1
0
0
1
0
1
0
0
1
0
1
1
1
1
1
1
1
0
1
1
1
0
0
0
1
0
1
1
1
0
1
1
1
1
1
1
0
0
1
0
1
0
0
1
0
0
0
0
0
0
0
0
0
0
0
0
0
1
1
1
1
0
0
0
0
0
0
0
1
0
0
1
0
1
0
0
1
0
1
0
0
1
0
1
1
0
0
0
1
1
1
1
0
0
0
0
0
0
0
0
0
0
0
0
0
0
0
0
0
0
0
0
0
0
0
0
1
1
1
1
0
0
0
0
0
0
1
0
0
1
0
1
0
0
1
0
1
0
0
0
0
0
0
1
0
0
0
0
0
0
1
0
0
0
1
1
0
0
0
1
1
0
0
0
1
0
0
1
1
1
1
1
1
1
1
0
0
0
1
1
0
0
1
0
0
0
0
0
1
0
0
0
1
1
1
0
0
0
0
0
1
0
0
0
0
0
1
0
0
0
0
0
0
1
0
0
0
0
0
0
0
0
0
1
0
0
0
0
0
0
0
0
0
0
0
0
0
0
0
0
0
0
1
0
0
0
0
0
1
0
0
0
0
0
1
1
1
1
1
1
1
0
0
1
0
0
1
1
1
1
1
1
1
1
1
1
0
0
0
0
0
0
0
0
0
0
0
0
0
0
0
0
0
0
0
0
0
0
0
0
0
0
0
0
0
1
0
0
1
0
0
0
0
0
0
0
0
0
0
0
0
0
0
0
0
0
0
0
0
0
0
0
0
0
0
0
0
0
1
1
1
1
0
0
1
0
0
0
0
0
1
0
0
0
0
0
0
0
0
0
0
0
1
1
1
1
1
1
1
1
1
1
0
0
1
0
0
0
0
0
1
0
0
0
0
0
1
0
0
0
0
0
0
0
0
0
0
0
1
0
0
0
0
0
1
0
0
0
0
0
0
0
0
0
0
0
0
0
0
0
1
0
0
0
0
0
0
0
0
0
0
0
0
0
0
0
0
0
0
0
0
0
0
0
1
0
0
0
0
0
0
0
1
0
0
0
0
0
1
0
0
0
0
0
1
1
1
1
1
1
1
0
0
1
0
0
1
1
1
1
1
1
1
1
1
1
0
0
0
0
0
0
0
0
0
1
0
0
0
0
0
0
0
0
0
0
0
0
0
0
0
0
0
1
0
0
0
0
0
0
0
0
0
0
0
0
0
0
0
1
0
0
0
0
0
0
1
0
0
0
0
0
1
0
0
0
0
0
0
0
0
0
0
0
0
0
0
0
1
0
0
0
0
0
0
0
0
0
0
0
0
0
0
0
0
0
1
0
0
0
0
0
0
0
0
0
0
0
0
0
0
0
0
0
1
0
0
0
0
0
0
0
1
0
0
0
0
0
1
0
0
0
0
0
1
0
0
0
0
0
1
0
0
0
0
0
1
0
0
0
0
0
1
0
0
0
0
0
1
0
0
0
0
0
1
1
1
1
0
0
0
0
0
1
0
0
1
1
1
1
1
1
1
1
1
1
1
1
1
1
1
1
0
0
0
0
0
1
0
0
1
0
0
1
0
0
1
0
0
1
0
0
1
0
0
0
0
0
1
0
0
0
0
0
1
0
0
0
0
0
1
0
0
0
0
0
1
0
0
0
0
0
1
0
0
0
0
0
1
0
0
0
0
0
1
0
0
0
0
0
1
0
0
0
0
0
1
0
0
0
0
0
0
0
1
0
0
0
0
0
1
0
0
0
1
0
0
0
0
0
0
0
1
0
0
0
0
0
1
0
0
0
1
0
0
0
0
0
1
1
1
1
1
1
1
1
1
0
0
1
0
0
0
0
0
1
0
0
0
1
0
0
0
0
0
0
0
1
0
0
0
0
0
1
0
0
0
1
0
0
0
0
0
0
1
0
0
1
0
1
0
0
0
0
1
0
0
0
0
0
1
0
0
0
1
0
0
0
0
0
0
0
1
0
0
0
0
0
1
0
0
0
1
0
0
0
0
0
0
0
1
0
0
0
0
0
1
0
0
0
1
0
0
0
0
0
0
0
1
0
0
0
0
0
1
0
0
0
0
0
0
0
0
0
1
1
1
1
1
1
0
0
1
0
0
0
0
0
1
0
0
0
0
0
0
0
0
0
0
0
0
0
1
0
0
0
0
0
0
0
0
0
1
0
0
0
0
0
1
0
0
0
0
0
1
0
0
0
1
0
0
0
0
0
1
1
1
1
0
0
1
0
0
0
0
0
1
0
0
0
0
0
1
0
0
0
0
0
1
0
0
0
0
0
1
0
0
0
0
0
1
0
0
0
0
0
1
1
1
1
1
1
1
0
0
0
0
0
1
0
0
0
0
0
1
0
0
0
0
0
1
0
0
0
0
0
1
0
0
1
0
0
1
0
0
0
0
0
1
0
0
0
0
0
1
0
0
0
0
0
1
0
0
0
0
0
1
0
0
0
0
0
1
0
0
0
0
0
0
0
0
0
1
0
1
0
0
0
0
0
0
0
1
0
0
0
0
0
0
0
1
0
1
0
0
0
0
0
0
0
1
0
0
0
0
0
0
0
0
0
0
0
0
0
0
0
0
0
0
0
0
0
1
1
1
1
1
1
1
1
1
1
1
1
1
1
1
1
1
1
0
0
0
0
1
0
1
0
0
0
0
0
0
0
1
0
0
0
0
0
0
0
1
0
1
0
0
0
0
0
0
0
1
0
0
0
0
0
0
0
0
0
0
0
0
0
0
0
0
0
0
0
0
0
0
0
0
0
0
0
0
0
0
0
0
1
1
0
0
0
1
0
0
0
0
0
0
0
0
0
0
0
0
0
0
0
0
0
0
0
0
0
0
0
1
0
1
0
0
0
0
0
0
0
1
0
0
0
0
0
0
0
1
0
1
0
0
0
0
0
0
0
1
0
0
0
0
0
0
0
1
0
1
0
0
0
0
0
0
0
1
0
0
0
0
0
1
0
0
0
0
0
1
0
0
0
0
0
0
0
1
0
1
1
1
1
1
1
1
1
1
0
1
0
0
1
0
0
0
1
0
0
1
0
0
0
0
0
1
0
0
0
0
0
0
0
1
0
0
0
1
0
0
0
0
0
1
0
0
0
0
0
0
0
1
0
1
0
0
0
0
0
1
0
0
0
0
0
1
0
0
0
0
0
0
0
1
0
0
0
1
0
0
0
0
0
0
0
1
0
0
0
1
0
0
0
0
0
1
0
0
0
0
0
1
0
0
0
0
0
0
0
1
0
0
0
1
0
0
0
0
0
0
0
1
0
0
0
1
1
1
1
1
1
1
1
1
1
1
1
1
1
1
1
1
1
1
0
0
0
0
0
1
0
0
0
0
0
1
0
0
0
0
0
0
0
1
0
0
0
1
0
0
0
0
0
0
0
1
0
0
0
1
0
0
0
0
0
1
0
0
0
0
0
1
0
0
0
0
0
0
0
1
0
0
0
1
0
0
0
0
0
0
0
1
0
0
0
1
0
0
1
0
0
1
0
0
0
1
0
1
0
0
0
1
0
1
0
0
0
0
0
1
0
0
0
0
0
1
0
0
0
0
0
0
0
1
0
0
0
1
0
0
0
0
0
0
0
1
0
0
0
1
0
0
0
0
0
1
0
0
0
0
0
1
0
0
0
0
0
0
0
1
0
0
0
1
0
0
0
0
0
0
0
1
0
0
0
1
0
0
0
0
0
1
0
0
0
0
0
1
0
0
0
0
0
0
0
1
0
0
0
1
0
0
0
0
0
0
0
1
0
0
0
1
0
0
0
0
0
1
1
1
1
0
0
0
0
0
1
0
0
1
0
0
0
0
0
0
0
1
0
0
0
0
0
1
0
0
0
0
0
0
0
1
0
1
1
1
1
1
1
1
1
1
0
0
1
0
0
0
0
0
1
0
0
0
0
0
0
0
1
0
0
1
0
0
1
0
0
0
1
0
0
1
0
0
0
0
0
1
0
0
0
0
0
0
0
1
0
1
0
0
0
0
0
1
0
0
0
0
0
1
0
0
0
0
0
1
1
1
1
1
1
1
1
1
1
0
0
0
0
0
1
0
0
0
0
0
1
0
0
0
0
0
1
0
0
1
0
0
1
0
0
1
0
0
0
0
0
1
0
0
0
0
0
1
0
0
0
0
0
0
0
1
0
0
0
1
0
0
0
0
0
1
0
0
0
0
0
0
0
1
0
0
0
1
0
0
0
0
0
1
0
0
0
0
0
0
0
1
0
0
0
0
0
1
0
0
0
1
0
0
0
0
0
1
1
1
1
1
1
1
1
1
1
1
1
1
1
1
1
1
1
1
1
1
1
1
1
1
1
1
0
0
1
0
0
0
1
0
0
0
0
0
1
0
0
0
0
0
0
0
1
0
0
0
1
0
0
0
0
0
1
0
0
0
0
0
0
0
1
0
0
0
0
0
1
0
0
0
1
0
0
0
0
0
0
1
0
1
0
0
1
0
0
0
1
0
1
0
0
1
0
0
0
1
0
0
1
0
1
0
0
0
0
1
0
0
0
1
0
0
0
0
0
1
0
0
0
0
0
0
0
1
0
0
0
1
0
0
0
0
0
1
0
0
0
0
0
0
0
1
0
0
0
0
0
1
0
0
0
1
0
0
0
0
0
)
;
}
)

// ************************************************************************* //
